error_mae: 2795.4565952845983
error_rmse: 4759.316509203072
error_mape: 4.536823865897847
