error_mae: 1.2849978736468723
error_rmse: 1.8786674756557433
error_mape: 5.201821779593408