error_mae: 4526.172772709628
error_rmse: 6265.469474635307
error_mape: 7.2864117263916
error_mae: 4041.1282026397516
error_rmse: 5602.000257656457
error_mape: 6.731685365802467
