error_mae: 1.1370560658336197
error_rmse: 1.5140085962192265
error_mape: 4.498912671986735
