error_mae: 2870.477434281115
error_rmse: 3956.888395241951
error_mape: 4.47533688009449
error_mae: 2959.386010094026
error_rmse: 4017.7003421966524
error_mape: 4.6139534819508246
