error_mae: 4444.982486979166
error_rmse: 5881.147226809997
error_mape: 7.235918217115546
