error_mae: 1.1214665998205093
error_rmse: 1.4920201013525223
error_mape: 4.443243786385602
