error_mae: 3729.432040954969
error_rmse: 5468.623401132557
error_mape: 6.055904267820707
error_mae: 3708.203731560559
error_rmse: 5455.669565329227
error_mape: 6.021074285698709
