error_mae: 4513.53837890625
error_rmse: 6206.363475627267
error_mape: 7.452407980958281
