error_mae: 4974.757084627329
error_rmse: 7670.241155196939
error_mape: 7.688324604048804
