error_mae: 4216.974791343167
error_rmse: 5763.681696185843
error_mape: 6.9724841456252875
error_mae: 4006.189732142858
error_rmse: 5464.255530539167
error_mape: 6.781828512931695
