error_mae: 2584.53515625
error_rmse: 4796.196240846907
error_mape: 4.074094645807051
error_mae: 2584.53515625
error_rmse: 4796.196240846907
error_mape: 4.074094645807051
