error_mae: 2796.392961615297
error_rmse: 3977.921662209243
error_mape: 4.390983894073139
