error_mae: 1.1365583870032314
error_rmse: 1.5139949348571877
error_mape: 4.497572079549638
